{
 "cells": [
  {
   "cell_type": "code",
   "execution_count": 11,
   "metadata": {
    "collapsed": false
   },
   "outputs": [
    {
     "name": "stdout",
     "output_type": "stream",
     "text": [
      "grid.csv\n",
      "lgb_starter.csv\n",
      "sub20170629_094341.csv\n",
      "v10.csv\n",
      "v12.csv\n",
      "v13.csv\n",
      "v14.csv\n",
      "v17.csv\n",
      "v3.csv\n",
      "v8.csv\n",
      "v9.csv\n",
      "xgb_starter.csv\n",
      "\n",
      "--------------\n",
      "grid.csv201610                  0.870546\n",
      "lgb_starter.csv201610           0.719306\n",
      "sub20170629_094341.csv201610    0.697900\n",
      "v10.csv201610                   0.893873\n",
      "v12.csv201610                   0.894555\n",
      "v13.csv201610                   0.878764\n",
      "v14.csv201610                   0.891310\n",
      "v17.csv201610                   0.770613\n",
      "v3.csv201610                    0.889000\n",
      "v8.csv201610                    0.894277\n",
      "v9.csv201610                    0.870546\n",
      "xgb_starter.csv201610           0.760845\n",
      "dtype: float64\n",
      "\n",
      "overall:0.835961329819\n"
     ]
    },
    {
     "data": {
      "text/html": [
       "<div>\n",
       "<table border=\"1\" class=\"dataframe\">\n",
       "  <thead>\n",
       "    <tr style=\"text-align: right;\">\n",
       "      <th></th>\n",
       "      <th>grid.csv201610</th>\n",
       "      <th>lgb_starter.csv201610</th>\n",
       "      <th>sub20170629_094341.csv201610</th>\n",
       "      <th>v10.csv201610</th>\n",
       "      <th>v12.csv201610</th>\n",
       "      <th>v13.csv201610</th>\n",
       "      <th>v14.csv201610</th>\n",
       "      <th>v17.csv201610</th>\n",
       "      <th>v3.csv201610</th>\n",
       "      <th>v8.csv201610</th>\n",
       "      <th>v9.csv201610</th>\n",
       "      <th>xgb_starter.csv201610</th>\n",
       "    </tr>\n",
       "  </thead>\n",
       "  <tbody>\n",
       "    <tr>\n",
       "      <th>grid.csv201610</th>\n",
       "      <td>1.000000</td>\n",
       "      <td>0.697575</td>\n",
       "      <td>0.623550</td>\n",
       "      <td>0.938267</td>\n",
       "      <td>0.937325</td>\n",
       "      <td>0.976104</td>\n",
       "      <td>0.933886</td>\n",
       "      <td>0.720389</td>\n",
       "      <td>0.942694</td>\n",
       "      <td>0.942116</td>\n",
       "      <td>1.000000</td>\n",
       "      <td>0.734645</td>\n",
       "    </tr>\n",
       "    <tr>\n",
       "      <th>lgb_starter.csv201610</th>\n",
       "      <td>0.697575</td>\n",
       "      <td>1.000000</td>\n",
       "      <td>0.556009</td>\n",
       "      <td>0.714826</td>\n",
       "      <td>0.718078</td>\n",
       "      <td>0.708236</td>\n",
       "      <td>0.718606</td>\n",
       "      <td>0.677607</td>\n",
       "      <td>0.707862</td>\n",
       "      <td>0.717257</td>\n",
       "      <td>0.697575</td>\n",
       "      <td>0.718038</td>\n",
       "    </tr>\n",
       "    <tr>\n",
       "      <th>sub20170629_094341.csv201610</th>\n",
       "      <td>0.623550</td>\n",
       "      <td>0.556009</td>\n",
       "      <td>1.000000</td>\n",
       "      <td>0.732048</td>\n",
       "      <td>0.738217</td>\n",
       "      <td>0.641767</td>\n",
       "      <td>0.729815</td>\n",
       "      <td>0.707518</td>\n",
       "      <td>0.707717</td>\n",
       "      <td>0.718854</td>\n",
       "      <td>0.623550</td>\n",
       "      <td>0.595757</td>\n",
       "    </tr>\n",
       "    <tr>\n",
       "      <th>v10.csv201610</th>\n",
       "      <td>0.938267</td>\n",
       "      <td>0.714826</td>\n",
       "      <td>0.732048</td>\n",
       "      <td>1.000000</td>\n",
       "      <td>0.991914</td>\n",
       "      <td>0.952500</td>\n",
       "      <td>0.978265</td>\n",
       "      <td>0.759093</td>\n",
       "      <td>0.987192</td>\n",
       "      <td>0.992251</td>\n",
       "      <td>0.938267</td>\n",
       "      <td>0.741850</td>\n",
       "    </tr>\n",
       "    <tr>\n",
       "      <th>v12.csv201610</th>\n",
       "      <td>0.937325</td>\n",
       "      <td>0.718078</td>\n",
       "      <td>0.738217</td>\n",
       "      <td>0.991914</td>\n",
       "      <td>1.000000</td>\n",
       "      <td>0.950021</td>\n",
       "      <td>0.977440</td>\n",
       "      <td>0.767208</td>\n",
       "      <td>0.983186</td>\n",
       "      <td>0.990116</td>\n",
       "      <td>0.937325</td>\n",
       "      <td>0.743829</td>\n",
       "    </tr>\n",
       "    <tr>\n",
       "      <th>v13.csv201610</th>\n",
       "      <td>0.976104</td>\n",
       "      <td>0.708236</td>\n",
       "      <td>0.641767</td>\n",
       "      <td>0.952500</td>\n",
       "      <td>0.950021</td>\n",
       "      <td>1.000000</td>\n",
       "      <td>0.948492</td>\n",
       "      <td>0.734483</td>\n",
       "      <td>0.956915</td>\n",
       "      <td>0.955411</td>\n",
       "      <td>0.976104</td>\n",
       "      <td>0.745137</td>\n",
       "    </tr>\n",
       "    <tr>\n",
       "      <th>v14.csv201610</th>\n",
       "      <td>0.933886</td>\n",
       "      <td>0.718606</td>\n",
       "      <td>0.729815</td>\n",
       "      <td>0.978265</td>\n",
       "      <td>0.977440</td>\n",
       "      <td>0.948492</td>\n",
       "      <td>1.000000</td>\n",
       "      <td>0.775721</td>\n",
       "      <td>0.974706</td>\n",
       "      <td>0.976759</td>\n",
       "      <td>0.933886</td>\n",
       "      <td>0.748142</td>\n",
       "    </tr>\n",
       "    <tr>\n",
       "      <th>v17.csv201610</th>\n",
       "      <td>0.720389</td>\n",
       "      <td>0.677607</td>\n",
       "      <td>0.707518</td>\n",
       "      <td>0.759093</td>\n",
       "      <td>0.767208</td>\n",
       "      <td>0.734483</td>\n",
       "      <td>0.775721</td>\n",
       "      <td>1.000000</td>\n",
       "      <td>0.741837</td>\n",
       "      <td>0.761520</td>\n",
       "      <td>0.720389</td>\n",
       "      <td>0.881596</td>\n",
       "    </tr>\n",
       "    <tr>\n",
       "      <th>v3.csv201610</th>\n",
       "      <td>0.942694</td>\n",
       "      <td>0.707862</td>\n",
       "      <td>0.707717</td>\n",
       "      <td>0.987192</td>\n",
       "      <td>0.983186</td>\n",
       "      <td>0.956915</td>\n",
       "      <td>0.974706</td>\n",
       "      <td>0.741837</td>\n",
       "      <td>1.000000</td>\n",
       "      <td>0.985812</td>\n",
       "      <td>0.942694</td>\n",
       "      <td>0.737392</td>\n",
       "    </tr>\n",
       "    <tr>\n",
       "      <th>v8.csv201610</th>\n",
       "      <td>0.942116</td>\n",
       "      <td>0.717257</td>\n",
       "      <td>0.718854</td>\n",
       "      <td>0.992251</td>\n",
       "      <td>0.990116</td>\n",
       "      <td>0.955411</td>\n",
       "      <td>0.976759</td>\n",
       "      <td>0.761520</td>\n",
       "      <td>0.985812</td>\n",
       "      <td>1.000000</td>\n",
       "      <td>0.942116</td>\n",
       "      <td>0.749112</td>\n",
       "    </tr>\n",
       "    <tr>\n",
       "      <th>v9.csv201610</th>\n",
       "      <td>1.000000</td>\n",
       "      <td>0.697575</td>\n",
       "      <td>0.623550</td>\n",
       "      <td>0.938267</td>\n",
       "      <td>0.937325</td>\n",
       "      <td>0.976104</td>\n",
       "      <td>0.933886</td>\n",
       "      <td>0.720389</td>\n",
       "      <td>0.942694</td>\n",
       "      <td>0.942116</td>\n",
       "      <td>1.000000</td>\n",
       "      <td>0.734645</td>\n",
       "    </tr>\n",
       "    <tr>\n",
       "      <th>xgb_starter.csv201610</th>\n",
       "      <td>0.734645</td>\n",
       "      <td>0.718038</td>\n",
       "      <td>0.595757</td>\n",
       "      <td>0.741850</td>\n",
       "      <td>0.743829</td>\n",
       "      <td>0.745137</td>\n",
       "      <td>0.748142</td>\n",
       "      <td>0.881596</td>\n",
       "      <td>0.737392</td>\n",
       "      <td>0.749112</td>\n",
       "      <td>0.734645</td>\n",
       "      <td>1.000000</td>\n",
       "    </tr>\n",
       "  </tbody>\n",
       "</table>\n",
       "</div>"
      ],
      "text/plain": [
       "                              grid.csv201610  lgb_starter.csv201610  \\\n",
       "grid.csv201610                      1.000000               0.697575   \n",
       "lgb_starter.csv201610               0.697575               1.000000   \n",
       "sub20170629_094341.csv201610        0.623550               0.556009   \n",
       "v10.csv201610                       0.938267               0.714826   \n",
       "v12.csv201610                       0.937325               0.718078   \n",
       "v13.csv201610                       0.976104               0.708236   \n",
       "v14.csv201610                       0.933886               0.718606   \n",
       "v17.csv201610                       0.720389               0.677607   \n",
       "v3.csv201610                        0.942694               0.707862   \n",
       "v8.csv201610                        0.942116               0.717257   \n",
       "v9.csv201610                        1.000000               0.697575   \n",
       "xgb_starter.csv201610               0.734645               0.718038   \n",
       "\n",
       "                              sub20170629_094341.csv201610  v10.csv201610  \\\n",
       "grid.csv201610                                    0.623550       0.938267   \n",
       "lgb_starter.csv201610                             0.556009       0.714826   \n",
       "sub20170629_094341.csv201610                      1.000000       0.732048   \n",
       "v10.csv201610                                     0.732048       1.000000   \n",
       "v12.csv201610                                     0.738217       0.991914   \n",
       "v13.csv201610                                     0.641767       0.952500   \n",
       "v14.csv201610                                     0.729815       0.978265   \n",
       "v17.csv201610                                     0.707518       0.759093   \n",
       "v3.csv201610                                      0.707717       0.987192   \n",
       "v8.csv201610                                      0.718854       0.992251   \n",
       "v9.csv201610                                      0.623550       0.938267   \n",
       "xgb_starter.csv201610                             0.595757       0.741850   \n",
       "\n",
       "                              v12.csv201610  v13.csv201610  v14.csv201610  \\\n",
       "grid.csv201610                     0.937325       0.976104       0.933886   \n",
       "lgb_starter.csv201610              0.718078       0.708236       0.718606   \n",
       "sub20170629_094341.csv201610       0.738217       0.641767       0.729815   \n",
       "v10.csv201610                      0.991914       0.952500       0.978265   \n",
       "v12.csv201610                      1.000000       0.950021       0.977440   \n",
       "v13.csv201610                      0.950021       1.000000       0.948492   \n",
       "v14.csv201610                      0.977440       0.948492       1.000000   \n",
       "v17.csv201610                      0.767208       0.734483       0.775721   \n",
       "v3.csv201610                       0.983186       0.956915       0.974706   \n",
       "v8.csv201610                       0.990116       0.955411       0.976759   \n",
       "v9.csv201610                       0.937325       0.976104       0.933886   \n",
       "xgb_starter.csv201610              0.743829       0.745137       0.748142   \n",
       "\n",
       "                              v17.csv201610  v3.csv201610  v8.csv201610  \\\n",
       "grid.csv201610                     0.720389      0.942694      0.942116   \n",
       "lgb_starter.csv201610              0.677607      0.707862      0.717257   \n",
       "sub20170629_094341.csv201610       0.707518      0.707717      0.718854   \n",
       "v10.csv201610                      0.759093      0.987192      0.992251   \n",
       "v12.csv201610                      0.767208      0.983186      0.990116   \n",
       "v13.csv201610                      0.734483      0.956915      0.955411   \n",
       "v14.csv201610                      0.775721      0.974706      0.976759   \n",
       "v17.csv201610                      1.000000      0.741837      0.761520   \n",
       "v3.csv201610                       0.741837      1.000000      0.985812   \n",
       "v8.csv201610                       0.761520      0.985812      1.000000   \n",
       "v9.csv201610                       0.720389      0.942694      0.942116   \n",
       "xgb_starter.csv201610              0.881596      0.737392      0.749112   \n",
       "\n",
       "                              v9.csv201610  xgb_starter.csv201610  \n",
       "grid.csv201610                    1.000000               0.734645  \n",
       "lgb_starter.csv201610             0.697575               0.718038  \n",
       "sub20170629_094341.csv201610      0.623550               0.595757  \n",
       "v10.csv201610                     0.938267               0.741850  \n",
       "v12.csv201610                     0.937325               0.743829  \n",
       "v13.csv201610                     0.976104               0.745137  \n",
       "v14.csv201610                     0.933886               0.748142  \n",
       "v17.csv201610                     0.720389               0.881596  \n",
       "v3.csv201610                      0.942694               0.737392  \n",
       "v8.csv201610                      0.942116               0.749112  \n",
       "v9.csv201610                      1.000000               0.734645  \n",
       "xgb_starter.csv201610             0.734645               1.000000  "
      ]
     },
     "execution_count": 11,
     "metadata": {},
     "output_type": "execute_result"
    }
   ],
   "source": [
    "\"\"\"Correlation matrix calculator\"\"\"\n",
    "from __future__ import print_function\n",
    "import glob\n",
    "import os\n",
    "import pandas as pd\n",
    "\n",
    "PATH = 'results/'\n",
    "\n",
    "dfs = []\n",
    "for f in os.listdir(PATH):\n",
    "    if '.csv' not in f:\n",
    "        continue\n",
    "    frame = pd.read_csv(PATH + f, usecols=['201610'])\n",
    "    frame.columns = f + frame.columns\n",
    "    dfs.append(frame)\n",
    "\n",
    "a = pd.concat(dfs, axis=1).corr()\n",
    "for i in a:\n",
    "    print(i.replace('201610', ''))\n",
    "print('\\n--------------')\n",
    "print(a.mean())\n",
    "print(\"\\noverall:\" + str(a.mean().mean()))\n",
    "a\n"
   ]
  },
  {
   "cell_type": "code",
   "execution_count": null,
   "metadata": {
    "collapsed": true
   },
   "outputs": [],
   "source": []
  }
 ],
 "metadata": {
  "kernelspec": {
   "display_name": "Python 2",
   "language": "python",
   "name": "python2"
  },
  "language_info": {
   "codemirror_mode": {
    "name": "ipython",
    "version": 2
   },
   "file_extension": ".py",
   "mimetype": "text/x-python",
   "name": "python",
   "nbconvert_exporter": "python",
   "pygments_lexer": "ipython2",
   "version": "2.7.11"
  }
 },
 "nbformat": 4,
 "nbformat_minor": 2
}
